 522 536
 536 539
 533 536
 536 538
 536 537
 249 733
 109 166
 109 165 
 109 168
 109 167
 753 767
 767 770
 764 767
 767 769
 767 768
 183 301
 269 283
 16 69
 35 88
 57 98
 67 115
 86 130
 96 113
 113 172
 128 182
 148 201
 170 211
 180 223
 199 248
 209 268
 231 290
 246 300
 266 319
 288 329
 298 349
 317 364
 327 384
 347 406
 362 416
 382 435
 404 445
 414 462
 500 553
 519 572
 541 582
 551 599
 570 614
 580 634
 597 656
 612 666
 632 685
 654 695
 664 717
 683 732
 693 752
 715 774
 730 784
 750 803
 772 813
 782 833
 801 848
 811 868
 831 890
 846 900
 866 919
 888 929
 898 946
 96 150
 180 233
 785 901
 463 481
 635 649
 649 652
 646 649
 649 651
 649 650
 301 417
 183 785
 667 785
 283 286
 869 883
 883 886
 880 883
 883 885
 883 884
 834 842
 839 842
 842 843
 842 844
 234 242
 239 242
 242 243
 242 244
 814 849
 249 849
 350 358
 355 358
 358 359
 358 360
 417 554
 733 814
 330 365
 249 814
 212 226
 226 229
 223 226
 226 228
 226 227
 280 283
 116 124
 121 124
 124 125
 124 126
 131 814
 696 710
 710 713
 707 710
 710 712
 710 711
 600 608
 605 608
 608 609
 608 610
 488 496
 493 496
 496 497
 496 498
 484 488
 554 667
 417 667
 4 12
 11 12
 12 13
 12 14
 0 4
 1 13
 1 14
 1 4
 2 13
 2 14
 2 4
 3 13
 3 14
 3 4
 0 12 
 301 785
 301 667
 283 285
 385 399
 399 402
 396 399
 399 401
 399 400
 947 961
 947 965
 961 964
 958 961
 961 963
 961 962
 330 733
 710 726
 713 727
 712 727 
 712 728
 711 728
 109 166
 711 727
 713 728
 365 615
 131 249
 365 733
 109 166
 249 330
 131 849
 718 726
 723 726
 726 727
 726 728
 183 667
 301 554
 330 814
 463 477
 477 480
 474 477
 477 479
 477 478
 330 615
 283 284
 70 901
 269 283
 283 286
 280 283
 283 285
 283 284
 615 733
 70 184
 9 12
 183 901

